image: map.pgm
resolution: 0.100000
origin: [-9.069261, -5.991068, 0.000000]
negate: 0
occupied_thresh: 0.65
free_thresh: 0.196

