image: map.pgm
resolution: 0.100000
origin: [-8.923589, -6.896433, 0.000000]
negate: 0
occupied_thresh: 0.65
free_thresh: 0.196

